237
1000
150
264
570
785
312
300
204
180
490
243
375
546
267
428
942
685
215
943
309
245
664
214
371
836
672
435
290
599
107
33
975
438
696
955
932
963
920
58
806
731
370
29
841
763
172
265
405
392
493
650
877
986
251
184
359
587
965
86
739
484
740
756
973
73
614
1
288
628
433
207
506
703
323
578
61
7
181
517
266
821
196
886
855
525
974
760
670
586
261
929
607
235
508
350
166
725
12
418
875
659
623
812
992
839
661
278
114
869
138
139
141
660
718
10
478
531
406
682
242
206
657
524
217
903
882
96
127
310
520
714
387
271
863
457
636
509
808
788
146
854
71
846
460
579
101
646
44
329
632
64
947
758
368
128
643
653
594
571
226
203
635
782
415
463
564
452
427
247
879
305
343
256
801
837
421
698
497
551
21
349
182
476
885
63
27
378
835
527
937
253
708
842
437
19
582
726
911
168
625
171
424
52
93
320
198
449
479
622
458
516
152
813
735
462
645
402
220
528
556
781
678
218
598
377
183
318
8
769
744
236
258
281
724
896
844
633
605
102
313
790
510
401
612
815
440
817
642
403
340
302
560
784
121
31
16
353
56
667
568
394
604
656
154
157
4
904
229
707
757
928
981
134
727
366
865
921
847
354
712
269
238
417
873
689
391
789
668
179
41
456
342
810
362
746
799
687
74
871
647
178
284
464
400
328
53
905
809
988
410
470
361
46
140
906
270
169
274
304
780
938
494
542
832
314
606
407
654
176
122
867
177
575
22
132
294
706
477
655
960
250
116
80
338
796
444
728
939
143
293
496
914
325
681
189
208
998
786
907
701
299
860
112
83
105
252
363
409
339
162
62
805
933
117
629
897
761
913
416
42
798
17
365
892
442
174
85
483
976
500
513
723
859
296
848
829
775
104
373
818
791
115
547
770
979
419
319
151
213
820
754
736
232
537
70
588
384
715
248
894
94
450
720
534
5
120
742
967
779
136
765
34
673
569
398
946
202
962
201
35
822
14
915
610
45
487
539
246
195
219
515
995
156
702
66
864
926
357
684
48
554
833
972
730
395
574
333
734
872
891
831
881
303
589
88
983
640
909
639
747
857
447
811
498
518
838
522
827
282
11
504
13
190
15
572
783
51
648
741
209
330
413
611
759
591
593
78
374
866
131
332
295
621
533
536
982
59
331
187
580
512
445
644
192
989
212
355
414
750
884
489
649
130
576
592
396
81
762
346
163
280
700
630
485
548
321
619
98
79
521
495
425
945
970
996
637
694
75
486
620
978
65
322
931
793
950
925
175
883
23
308
862
895
273
356
123
49
18
9
334
716
95
665
878
717
772
825
602
795
221
436
38
969
72
922
160
658
335
434
824
429
722
940
964
573
289
158
133
544
874
108
692
91
958
617
341
24
467
124
263
679
364
97
225
491
755
561
971
908
386
705
118
777
889
601
67
465
529
585
165
596
538
279
840
764
43
843
951
936
766
241
819
200
997
953
292
197
671
753
297
348
57
543
615
159
557
455
367
240
993
553
347
145
223
327
113
581
600
787
876
590
627
618
549
773
193
732
966
954
826
404
426
577
306
638
505
552
301
704
737
25
823
82
686
675
918
957
466
540
566
283
92
748
149
930
147
446
111
6
87
103
535
794
110
771
412
850
608
900
30
431
916
663
803
980
695
468
680
260
651
768
774
902
40
137
807
499
68
99
861
959
443
917
652
383
210
471
804
185
948
693
285
752
559
173
952
858
868
583
924
501
634
135
461
641
255
380
767
802
514
315
439
919
167
454
710
399
898
37
257
469
448
631
228
291
326
776
336
545
372
558
690
100
613
148
923
743
507
369
411
674
191
713
89
562
541
677
555
853
430
277
109
792
234
852
738
161
800
153
125
912
268
60
345
272
984
142
69
376
249
311
397
231
32
239
910
994
890
317
199
745
880
721
511
119
344
474
186
47
961
352
697
666
259
351
941
55
358
851
275
472
595
194
935
683
298
699
888
227
77
164
624
927
709
316
567
688
381
453
360
999
814
502
144
3
262
84
230
420
899
519
985
337
729
385
751
408
849
934
216
441
550
129
828
388
526
50
307
389
626
856
778
991
949
870
845
2
390
481
54
459
616
233
733
324
797
205
816
90
719
503
244
76
39
126
451
662
286
423
887
224
492
565
254
530
968
482
36
990
188
944
222
523
676
669
393
603
475
155
584
106
691
956
893
977
432
987
711
901
422
20
287
28
834
26
597
276
609
211
382
379
170
830
532
480
473
749
563
488
